1000.00  -1.00  6.708099998
967.74  -0.85   6.898699998
937.50  -0.66   6.988400001
909.09  -0.48   6.972999999
882.35  -0.34   6.846000001
857.14  -0.39   6.598700002
833.33  -0.63   6.468800001
810.81  -0.84   6.4936
789.47  -0.98   6.539000001
769.23  -1.07   6.577999998
750.00  -1.12   6.5756
731.71  -1.17   6.533700001
714.29  -1.20   6.452499999
697.67  -1.24   6.318699998
681.82  -1.26   6.137299999
666.67  -1.28   5.8787
652.17  -1.33   5.524400001
638.30  -1.42   5.067299999
625.00  -1.61   4.465600001
612.24  -1.99   3.7633
600.00  -2.62   3.1025
588.24	-3.42	2.5996
576.92	-4.26	2.253800001
566.04	-5.08	2.010599999
555.56	-5.87	1.826500001
545.45	-6.64	1.682599998
535.71	-7.42	1.560999999
526.32	-8.18	1.459299997
517.24	-8.94	1.373399999
508.47	-9.70	1.292999999
500.00	-10.47	1.223999999
491.80	-11.24	1.159599999
483.87	-11.98	1.109499998
476.19	-12.78	1.047299998
468.75	-13.57	0.998290003
461.54	-14.37	0.951869999
454.55	-15.17	0.918179997
447.76	-15.98	0.88884
441.18	-16.82	0.867679998
434.78	-17.67	0.853700002
428.57	-18.52	0.849030002
422.54	-19.38	0.8613
416.67	-20.23	0.88745
410.96	-21.11	0.890700004
405.41	-21.96	0.932409999
400.00	-22.85	0.94223
394.74	-23.73	0.966739998
389.61	-24.58	1.008700001
384.62	-25.51	1.023600003
379.75	-26.49	1.0612
375.00	-27.28	1.088900004
370.37	-28.22	1.125699996
365.85	-29.23	1.128399995
361.45	-30.16	1.148299999
357.14	-31.09	1.193500005
352.94	-32.02	1.256500002
348.84	-33.04	1.273599995
344.83	-33.98	1.306500006
340.91	-34.95	1.350199998
337.08	-35.90	1.390399997
333.33	-36.98	1.421100005
329.67	-37.98	1.442299997
326.09	-38.94	1.491199994
322.58	-40.04	1.526900003
319.15	-41.08	1.571299999
315.79	-42.13	1.609999999
312.50	-43.20	1.629500005
309.28	-44.38	1.682300005
306.12	-45.38	1.724600005
303.03	-46.48	1.772200001
300.00	-47.65	1.827099996
297.03	-48.68	1.868900002
294.12	-49.85	1.912300001
291.26	-50.98	1.973199999
288.46	-52.15	1.992499995
285.71	-53.30	2.033600004
283.02	-54.84	1.985699995
280.37	-55.97	2.031099993
277.78	-57.09	2.121400007
275.23	-58.30	2.118299994
272.73	-59.57	2.137000002
270.27	-60.82	2.175299992
267.86	-61.98	2.231199999
265.49	-63.36	2.249899998
263.16	-64.79	2.257899993
260.87	-65.83	2.317900007
258.62	-67.24	2.406799997
256.41	-68.33	2.525699997
254.24	-69.71	2.499999996
252.10	-71.27	2.497700003
250.00	-72.48	2.544199996
247.93	-73.76	2.611100004
245.90	-75.09	2.659399993
243.90	-76.44	2.687499994
241.94	-77.72	2.781899993
240.00	-79.20	2.842299998
238.10	-80.75	2.974799993
236.22	-82.22	2.890799998
234.38	-83.63	2.997300007
232.56	-85.10	3.066999997
230.77	-86.53	3.091700001
229.01	-87.81	3.188799994
227.27	-89.18	3.207500003
225.56	-90.81	3.332199999
223.88	-92.37	3.387600008
222.22	-93.82	3.479500001
220.59	-95.41	3.467800004
218.98	-96.78	3.626700006
217.39	-98.30	3.694800002
215.83	-99.81	3.813799992
214.29	-101.40	3.849399999
212.77	-102.81	3.942200007
211.27	-104.46	4.20000001
209.79	-106.49	4.301200001
208.33	-107.60	4.286099998
206.90	-109.49	4.354700007
205.48	-111.06	4.337599992
204.08	-113.21	4.52090001
202.70	-114.57	4.639899993
201.34	-116.17	4.741299997
200.00	-117.87	4.677999999